function mpc = case_WECC240_no_line_limits
%CASE_WECC240_NO_LINE_LIMITS

%% MATPOWER Case Format : Version 2
mpc.version = '2';

%%-----  Power Flow Data  -----%%
%% system MVA base
mpc.baseMVA = 100;

%% bus data
%	bus_i	type	Pd	Qd	Gs	Bs	area	Vm	Va	baseKV	zone	Vmax	Vmin
mpc.bus = [
	1001	1	0	0	0	0	10	1.02984	7.284	500	10	1.1	0.9;
	1002	1	198.893588	0	0	0	10	1.014	11.0351	345	10	1.1	0.9;
	1003	1	1888.01992	0	0	0	10	0.97318	2.3746	230	10	1.1	0.9;
	1004	1	910.068123	0	0	0	10	1.06648	23.6955	345	10	1.1	0.9;
	1032	2	0	0	0	0	10	1.01659	11.6154	20	10	1.1	0.9;
	1034	2	0	0	0	0	10	1.07305	25.4071	20	10	1.1	0.9;
	1101	1	3969.56694	0	0	0	10	1.01	-18.4206	500	10	1.1	0.9;
	1102	1	154.70468	0	0	0	10	0.97727	-6.4973	345	10	1.1	0.9;
	1131	2	0	0	0	0	10	1.01126	-17.8932	20	10	1.1	0.9;
	1201	1	146.414227	0	0	0	10	1.08433	-8.9977	500	10	1.1	0.9;
	1202	1	767.729506	0	0	0	10	1.08	-6.0123	500	10	1.1	0.9;
	1232	2	0	0	0	0	10	1.0807	-5.1815	20	10	1.1	0.9;
	1301	1	2371.53396	0	0	0	10	1.045	-13.0999	500	10	1.1	0.9;
	1302	1	15.3926487	0	0	0	10	1.02783	-12.416	500	10	1.1	0.9;
	1303	1	5466.92915	0	0	0	10	1.005	-14.5694	345	10	1.1	0.9;
	1331	2	0	0	0	0	10	1.04552	-12.0196	20	10	1.1	0.9;
	1333	2	0	0	0	0	10	1.00803	-13.1142	20	10	1.1	0.9;
	1401	1	5730.31846	0	0	0	10	1.035	-19.4639	500	10	1.1	0.9;
	1402	1	4705.42882	0	0	0	10	1.05631	-24.3167	500	10	1.1	0.9;
	1403	1	0	0	0	0	10	1.03567	-19.3847	230	10	1.1	0.9;
	1431	2	0	0	0	0	10	1.04034	-17.104	20	10	1.1	0.9;
	2000	1	1785	0	0	0	20	1	-24.5375	230	20	1.1	0.9;
	2030	2	0	0	0	0	20	1.00143	-23.8343	20	20	1.1	0.9;
	2100	1	819	0	0	0	21	1.03405	-18.9599	230	21	1.1	0.9;
	2130	2	0	0	0	0	21	1.03491	-18.6043	20	21	1.1	0.9;
	2201	1	0	0	0	0	22	0.98831	-35.0872	500	22	1.1	0.9;
	2202	1	1742.27351	0	0	0	22	0.98575	-36.4536	230	22	1.1	0.9;
	2203	1	1925.52649	0	0	0	22	1.005	-37.0417	230	22	1.1	0.9;
	2233	2	0	0	0	0	22	1.00732	-36.7604	20	22	1.1	0.9;
	2301	1	0	0	0	0	22	1.03448	-21.8324	500	23	1.1	0.9;
	2302	1	0	0	0	0	22	1.035	-20.7659	230	23	1.1	0.9;
	2332	2	0	0	0	0	22	1.03543	-20.5312	20	23	1.1	0.9;
	2400	1	1021.4988	0	0	0	24	1.0205	-26.3689	500	24	1.1	0.9;
	2401	1	1068.82636	0	0	0	24	1.02999	-19.1442	500	24	1.1	0.9;
	2402	1	1308.252	0	0	0	24	1.01312	-24.5322	500	24	1.1	0.9;
	2403	1	1271.89284	0	0	0	24	1.0129	-29.212	500	24	1.1	0.9;
	2404	1	0	0	0	0	24	1.01543	-12.9838	500	24	1.1	0.9;
	2405	1	998.956092	0	0	0	24	1.01124	-15.9177	230	24	1.1	0.9;
	2406	1	893.233132	0	0	0	24	1.00189	-16.893	230	24	1.1	0.9;
	2407	1	2098.94347	0	0	0	24	0.96838	-19.0006	230	24	1.1	0.9;
	2408	1	2111.66938	0	0	0	24	1.009	-5.9591	230	24	1.1	0.9;
	2409	1	1940.26841	0	0	0	24	1.00678	-26.4818	230	24	1.1	0.9;
	2410	1	1909.99687	0	0	0	24	1.00274	-19.5615	230	24	1.1	0.9;
	2411	1	1317.46266	0	0	0	24	1.00888	-15.3366	230	24	1.1	0.9;
	2438	2	0	0	0	0	24	1.01283	-3.9021	20	24	1.1	0.9;
	2501	1	0	0	0	0	25	1.00884	-26.6839	500	25	1.1	0.9;
	2502	1	2718.43298	0	0	0	25	1.00515	-28.0274	230	25	1.1	0.9;
	2503	1	2118.06702	0	0	0	25	1.009	-31.5907	230	25	1.1	0.9;
	2533	2	0	0	0	0	25	1.01077	-31.0075	20	25	1.1	0.9;
	2600	1	1035.19092	0	0	0	26	1.04252	-14.102	500	90	1.1	0.9;
	2601	1	0	0	0	0	26	1.0403	-14.7552	500	26	1.1	0.9;
	2602	1	55.1380743	0	0	0	26	1.01689	-14.7522	500	26	1.1	0.9;
	2603	1	0	0	0	0	26	1.0427	-14.8216	500	26	1.1	0.9;
	2604	1	1138.98036	0	0	0	90	1.06	2.0761	345	90	1.1	0.9;
	2605	1	0	0	0	0	26	1.01617	-12.9755	287	26	1.1	0.9;
	2606	1	0	0	0	0	26	1.01617	-12.9755	287	26	1.1	0.9;
	2607	1	0	0	0	0	26	1.03742	-14.212	287	26	1.1	0.9;
	2608	1	55.1380743	0	0	0	26	1.02295	-15.7572	230	26	1.1	0.9;
	2609	1	74.4365425	0	0	0	26	0.99753	-13.3701	230	26	1.1	0.9;
	2610	1	55.1380743	0	0	0	26	1.004	0.6244	230	26	1.1	0.9;
	2611	1	55.1380743	0	0	0	26	1.02086	-14.9865	230	26	1.1	0.9;
	2612	1	66.7175353	0	0	0	26	1.015	-15.1853	230	26	1.1	0.9;
	2613	1	176.443013	0	0	0	26	0.99259	-10.0445	230	26	1.1	0.9;
	2614	1	76.090822	0	0	0	26	0.99908	-11.6594	230	26	1.1	0.9;
	2615	1	445.407964	0	0	0	26	1.00325	-14.6683	230	26	1.1	0.9;
	2616	1	64.5119758	0	0	0	26	0.9943	-10.3848	230	26	1.1	0.9;
	2617	1	66.7175353	0	0	0	26	0.99561	-11.9908	230	26	1.1	0.9;
	2618	1	489.463486	0	0	0	26	1.01246	-16.3506	230	26	1.1	0.9;
	2619	1	1540.55523	0	0	0	90	1.01337	-14.6418	230	90	1.1	0.9;
	2620	1	113.144065	0	0	0	26	1.00929	-15.4034	230	26	1.1	0.9;
	2621	1	130.788254	0	0	0	26	1.00909	-12.7538	138	26	1.1	0.9;
	2630	2	0	0	0	0	26	1.00498	1.2723	20	26	1.1	0.9;
	2631	2	0	0	0	0	26	1.0215	-14.9227	20	26	1.1	0.9;
	2634	2	0	0	0	0	26	1.06065	2.5049	20	90	1.1	0.9;
	2637	2	0	0	0	0	26	1.01545	-15.1547	20	26	1.1	0.9;
	2638	2	0	0	0	0	26	1.02336	-15.7572	20	26	1.1	0.9;
	2901	1	0	0	0	0	24	1.09191	-13.8926	500	29	1.1	0.9;
	2902	1	0	0	0	0	24	1.09971	-15.5557	500	29	1.1	0.9;
	3101	1	319.968781	0	0	0	31	0.98526	-11.0651	230	31	1.1	0.9;
	3102	1	149.495768	0	0	0	31	0.9905	-9.8081	230	31	1.1	0.9;
	3103	1	475.029193	0	0	0	32	1	-7.64	230	31	1.1	0.9;
	3104	1	290.593738	0	0	0	31	0.98667	-16.0847	115	31	1.1	0.9;
	3105	1	224.341713	0	0	0	31	1	-16.961	115	31	1.1	0.9;
	3133	2	0	0	0	0	32	1.00118	-7.6311	20	31	1.1	0.9;
	3135	2	0	0	0	0	31	1.00047	-16.9059	20	31	1.1	0.9;
	3201	1	523.55654	0	0	0	32	1.00705	-4.1683	230	32	1.1	0.9;
	3202	1	663.596624	0	0	0	32	1.00507	-4.8363	230	32	1.1	0.9;
	3203	1	743.888851	0	0	0	32	1.00164	-5.3525	230	32	1.1	0.9;
	3204	1	757.115173	0	0	0	32	1.01	-3.5694	230	32	1.1	0.9;
	3205	1	618.179535	0	0	0	32	1.0019	-5.0467	230	32	1.1	0.9;
	3234	2	0	0	0	0	32	1.01185	-2.9051	20	32	1.1	0.9;
	3301	1	0	0	0	0	32	0.99283	-6.0118	500	33	1.1	0.9;
	3302	1	390.933328	0	0	0	32	0.98505	-10.0572	230	33	1.1	0.9;
	3303	1	708.009001	0	0	0	32	1	-6.886	230	33	1.1	0.9;
	3304	1	603.939556	0	0	0	32	0.98953	-8.9183	230	33	1.1	0.9;
	3305	1	487.152204	0	0	0	32	0.99781	-7.0505	230	33	1.1	0.9;
	3333	2	0	0	0	0	32	1.00266	-6.6542	20	33	1.1	0.9;
	3401	1	711.952811	0	0	0	34	0.9703	-15.8304	230	34	1.1	0.9;
	3402	1	0	0	0	0	34	1	-16.02	230	34	1.1	0.9;
	3403	1	658.670773	0	0	0	34	1	-4.4676	230	34	1.1	0.9;
	3404	1	559.726677	0	0	0	34	0.97523	-9.2216	230	34	1.1	0.9;
	3405	1	573.049739	0	0	0	34	0.95898	-17.8603	230	34	1.1	0.9;
	3432	2	0	0	0	0	34	1.00095	-16.02	20	34	1.1	0.9;
	3433	2	0	0	0	0	34	1.00072	-4.167	20	34	1.1	0.9;
	3501	1	586.8	0	0	0	35	1	-0.3372	230	35	1.1	0.9;
	3531	2	0	0	0	0	35	1.00035	-0.0253	20	35	1.1	0.9;
	3601	1	94.5	0	0	0	36	1.015	3.4349	115	36	1.1	0.9;
	3631	2	0	0	0	0	36	1.01483	3.462	20	36	1.1	0.9;
	3701	1	508.4	0	0	0	37	1.004	-15.5424	115	37	1.1	0.9;
	3731	2	0	0	0	0	37	1.00499	-15.4794	20	37	1.1	0.9;
	3801	1	252.578469	0	0	0	38	1.049	-0.4789	500	38	1.1	0.9;
	3802	1	0	0	0	0	38	1.00676	-5.662	500	38	1.1	0.9;
	3803	1	0	0	0	0	38	1.02038	-8.3306	500	38	1.1	0.9;
	3804	1	295.397412	0	0	0	38	0.98982	-8.5631	230	38	1.1	0.9;
	3805	1	659.622139	0	0	0	38	1.035	-8.4738	230	38	1.1	0.9;
	3806	1	382.50198	0	0	0	38	1.019	-5.4081	230	38	1.1	0.9;
	3831	2	0	0	0	0	38	1.05081	0.069	20	38	1.1	0.9;
	3835	2	0	0	0	0	38	1.03719	-8.3993	20	38	1.1	0.9;
	3836	2	0	0	0	0	38	1.0192	-5.2208	20	38	1.1	0.9;
	3891	1	0	0	0	0	38	1.04164	-12.3857	500	38	1.1	0.9;
	3892	1	0	0	0	0	38	1.01052	-3.0467	500	38	1.1	0.9;
	3893	1	0	0	0	0	38	1.02256	-18.1664	500	38	1.1	0.9;
	3894	1	0	0	0	0	38	1.01028	-2.9582	500	38	1.1	0.9;
	3895	1	0	0	0	0	38	1.02289	-18.1994	500	38	1.1	0.9;
	3896	1	0	0	0	0	38	1.01089	-2.6906	500	38	1.1	0.9;
	3897	1	0	0	0	0	38	1.02386	-17.9493	500	38	1.1	0.9;
	3901	1	0	0	0	0	39	0.93761	1.1842	500	39	1.1	0.9;
	3902	1	176.315289	0	0	0	39	1	0.1517	500	39	1.1	0.9;
	3903	1	245.758077	0	0	0	39	1.00147	-3.5656	500	39	1.1	0.9;
	3904	1	0	0	0	0	39	1.08142	8.1428	500	39	1.1	0.9;
	3905	1	0	0	0	0	39	1.03509	5.7141	500	39	1.1	0.9;
	3906	1	0	0	0	0	39	1.06427	9.7747	500	39	1.1	0.9;
	3907	1	531.692623	0	0	0	39	0.9615	-15.9175	230	39	1.1	0.9;
	3908	1	230.811912	0	0	0	39	0.96379	-16.4182	230	39	1.1	0.9;
	3909	1	197.019915	0	0	0	39	0.96839	-13.5893	230	39	1.1	0.9;
	3910	1	278.708321	0	0	0	39	0.97886	-8.5668	230	39	1.1	0.9;
	3911	1	268.676564	0	0	0	39	1.03652	3.5884	230	39	1.1	0.9;
	3912	1	201.1064	0	0	0	39	1.02038	-4.3147	230	39	1.1	0.9;
	3913	1	379.789056	0	0	0	39	0.978	-12.3981	230	39	1.1	0.9;
